233	4
Index	iRiv	iEle	Length
1	1	455	115.8313
2	1	456	142.5858
3	1	464	510.5432
4	2	455	342.0526
5	3	452	106.3943
6	3	455	68.53428
7	4	452	394.5884
8	5	369	462.2803
9	5	417	238.5118
10	5	452	54.58866
11	6	369	149.6638
12	6	370	72.32841
13	6	372	37.2282
14	6	373	216.1829
15	6	416	523.1957
16	7	372	750.5998
17	8	242	313.775
18	8	371	84.35737
19	8	372	181.2639
20	9	242	124.2848
21	9	314	215.1265
22	10	314	512.6402
23	11	268	592.5982
24	11	314	70.17137
25	11	352	126.4072
26	12	420	101.5208
27	12	422	445.7001
28	12	643	13.22535
29	13	387	193.8777
30	13	420	22.45541
31	14	385	230.8142
32	14	387	293.9715
33	15	385	288.0097
34	15	387	65.64699
35	15	425	54.38738
36	16	287	285.0338
37	16	425	5.952105
38	16	475	341.8648
39	17	246	191.4956
40	17	268	232.7685
41	18	233	499.1882
42	18	246	119.2777
43	19	233	165.8963
44	19	244	165.4646
45	20	160	180.0475
46	20	244	269.9525
47	21	77	220.8846
48	21	160	118.0983
49	21	206	36.91605
50	22	12	219.6712
51	22	206	509.0193
52	22	235	1.857298
53	23	12	667.7377
54	23	217	271.4109
55	24	216	298.9867
56	24	217	185.7022
57	24	223	300.4862
58	25	15	378.4283
59	25	220	207.111
60	25	223	3.867198
61	26	67	225.2489
62	26	220	102.1567
63	26	617	90.44602
64	27	617	331.3608
65	28	20	505.6503
66	28	51	63.90017
67	28	74	54.36482
68	28	617	54.90725
69	29	29	711.2749
70	29	51	38.72513
71	30	29	38.73929
72	30	131	311.1178
73	31	131	46.63292
74	31	277	223.3671
75	32	273	129.5639
76	32	276	94.83307
77	32	277	206.2102
78	32	642	184.9413
79	33	273	394.737
80	33	276	71.23541
81	33	520	3.601853
82	34	520	15.0299
83	34	638	525.8028
84	35	183	201.5939
85	35	638	18.72694
86	35	643	282.5708
87	36	419	644.1273
88	37	140	376.8801
89	37	162	7.733197
90	37	163	63.37099
91	37	374	216.2982
92	37	419	211.9025
93	38	162	55.57703
94	38	234	553.6006
95	38	265	197.3737
96	38	555	52.51794
97	39	265	201.2461
98	40	265	80.68535
99	40	350	260.0026
100	40	371	113.2944
101	41	242	473.5505
102	41	371	124.1953
103	42	396	60.64323
104	42	472	207.1282
105	42	475	273.0613
106	43	439	86.28231
107	43	472	279.9144
108	44	438	285.0401
109	44	439	50.62567
110	44	472	110.9397
111	44	477	308.7753
112	45	438	72.3704
113	45	477	161.9371
114	46	438	32.44623
115	46	445	53.57864
116	46	486	558.1025
117	47	480	317.7858
118	47	486	43.46203
119	48	309	351.8862
120	48	441	426.9102
121	48	480	15.4957
122	49	409	143.4272
123	49	441	188.9567
124	49	443	152.2809
125	50	409	333.9652
126	50	440	74.07887
127	51	394	46.63618
128	51	440	496.6869
129	52	394	9.861466
130	52	407	181.8703
131	52	410	443.9568
132	53	398	44.13072
133	53	407	321.8853
134	53	410	128.7567
135	54	329	283.1188
136	54	398	290.0304
137	55	170	153.6658
138	55	329	159.5433
139	56	170	168.9449
140	56	403	65.36254
141	57	97	286.2792
142	57	403	220.7567
143	57	546	119.3824
144	58	546	234.3075
145	59	323	497.1045
146	59	546	317.8802
147	60	635	126.8442
148	60	639	298.4384
149	60	643	1.097495
150	61	643	408.0441
151	62	56	172.4473
152	62	92	192.2681
153	62	323	93.21477
154	63	4	114.6739
155	63	72	115.9592
156	63	92	257.7315
157	64	4	309.1056
158	64	90	115.1585
159	65	40	11.15748
160	65	90	246.9123
161	66	40	20.3071
162	66	90	537.7252
163	67	62	42.7076
164	67	90	54.86114
165	67	150	292.4313
166	68	62	91.2393
167	68	150	335.1408
168	69	73	56.05857
169	69	148	104.321
170	69	150	139.6204
171	70	73	59.84294
172	70	81	491.0281
173	70	82	71.59991
174	70	83	29.43089
175	70	144	133.2733
176	71	82	103.2685
177	71	85	347.7304
178	72	85	408.0441
179	73	85	133.0588
180	73	146	228.189
181	74	80	202.5888
182	74	146	271.7529
183	75	528	474.3416
184	76	528	108.7635
185	76	531	374.1346
186	76	604	391.7447
187	77	604	71.93439
188	77	636	204.6519
189	78	347	251.6511
190	78	635	208.254
191	78	636	129.5013
192	79	315	675.3182
193	79	316	9.444522
194	80	316	228.4196
195	80	318	16.66988
196	80	347	90.19969
197	80	381	440.6053
198	80	635	149.0376
199	80	640	81.29853
200	81	100	62.26703
201	81	300	279.7856
202	82	100	249.1886
203	82	305	710.8114
204	83	305	342.0526
205	84	305	91.70531
206	84	354	41.80445
207	84	389	57.41754
208	84	475	606.1925
209	85	105	292.2232
210	85	245	435.2086
211	85	268	35.42416
212	85	331	132.2959
213	85	335	234.5384
214	86	80	421.0701
215	87	80	13.81367
216	87	145	348.6777
217	88	75	414.4492
218	88	78	87.119
219	88	145	39.26448
220	89	78	474.3416
221	90	78	347.6694
222	91	35	22.41906
223	91	73	32.02123
224	91	99	526.0297
225	91	148	41.23302
226	91	152	133.6777
227	92	73	127.2792
228	93	73	59.10044
229	93	124	402.0047
230	93	143	171.7456
231	94	80	20.41428
232	94	143	417.2058
233	94	166	132.38
