94	5
Index	FrNode	ToNode	Down	Type
1	1	2	2	1
2	2	3	3	1
3	3	4	4	1
4	4	5	5	1
5	5	6	6	1
6	6	7	7	1
7	7	8	8	1
8	8	9	9	1
9	9	10	10	2
10	10	11	11	2
11	11	12	17	2
12	13	14	13	2
13	14	15	14	2
14	15	16	15	2
15	16	17	16	2
16	17	18	42	2
17	12	19	18	2
18	19	20	19	2
19	20	21	20	2
20	21	22	21	2
21	22	23	22	2
22	23	24	23	2
23	24	25	24	2
24	25	26	25	2
25	26	27	26	2
26	27	28	27	2
27	28	29	28	2
28	29	30	29	2
29	30	31	30	2
30	31	32	31	2
31	32	33	32	2
32	33	34	33	2
33	34	35	34	2
34	35	36	35	2
35	36	13	12	2
36	37	38	37	1
37	38	39	38	1
38	39	40	39	1
39	40	41	40	1
40	41	42	41	1
41	42	9	9	1
42	18	43	43	2
43	43	44	44	2
44	44	45	45	2
45	45	46	46	2
46	46	47	47	2
47	47	48	48	2
48	48	49	49	2
49	49	50	50	2
50	50	51	51	2
51	51	52	52	2
52	52	53	53	2
53	53	54	54	2
54	54	55	55	2
55	55	56	56	2
56	56	57	57	2
57	57	58	58	2
58	58	59	59	2
59	59	60	62	2
60	61	62	61	2
61	62	13	12	2
62	60	63	63	2
63	63	64	64	2
64	64	65	65	2
65	65	66	66	2
66	66	67	67	2
67	67	68	68	2
68	68	69	69	2
69	69	70	70	2
70	70	71	71	2
71	71	72	72	2
72	72	73	73	2
73	73	74	74	2
74	74	75	86	2
75	76	77	76	1
76	77	78	77	1
77	78	79	78	1
78	79	61	60	1
79	80	81	80	1
80	81	61	60	1
81	82	83	82	1
82	83	84	83	1
83	84	85	84	1
84	85	18	42	1
85	86	12	17	1
86	75	87	87	2
87	87	88	88	2
88	88	89	89	2
89	89	90	90	2
90	90	91	-1	2
91	92	93	92	1
92	93	94	93	1
93	94	95	94	1
94	95	75	86	1
2	8
Index	Depth	BankSlope	Width	Sinuosity	Manning	Cwr	KsatH
1	0.5	0	2	1.1	4.63e-07	0.6	0.1
2	1	0	4	1.1	4.63e-07	0.6	0.1
95	4
Index	X	Y	Zmax
1	-2240827	2250700	911.7
1	-2240557	2249980	877.01
1	-2240647	2249650	861.33
1	-2240557	2249500	852.89
1	-2240617	2249110	841.56
1	-2240527	2248360	819.44
1	-2239987	2247520	799.85
1	-2240017	2246770	787.79
1	-2239807	2246230	778.8
1	-2239567	2245990	774.55
1	-2239087	2246170	770.81
1	-2238307	2246050	755.98
1	-2232277	2250430	577.24
1	-2231737	2250580	570.64
1	-2231557	2250460	566.17
1	-2231107	2250730	551.27
1	-2230777	2250490	540.96
1	-2230147	2250430	519.41
1	-2238007	2245750	745.42
1	-2237407	2245900	736.96
1	-2237077	2245870	733.19
1	-2236627	2245870	722.76
1	-2236297	2245690	718.79
1	-2235607	2245930	700.22
1	-2234767	2245510	692.97
1	-2233987	2245600	680.46
1	-2233837	2246170	675.75
1	-2233687	2246560	666.62
1	-2233657	2246890	664.16
1	-2233177	2247370	661.46
1	-2232967	2248090	644.83
1	-2232667	2248270	638.41
1	-2232667	2248540	633.61
1	-2232247	2248990	623.16
1	-2232457	2249410	612.54
1	-2232427	2249950	594.12
1	-2242837	2247310	877.48
1	-2242537	2246740	854.2
1	-2241847	2246200	834.82
1	-2241007	2246020	810.94
1	-2240827	2246110	808.05
1	-2240377	2246050	796.77
1	-2229637	2250250	517.1
1	-2229427	2249950	500.28
1	-2228677	2250040	477.72
1	-2228527	2250220	476.01
1	-2227957	2250520	457.26
1	-2227597	2250550	456.82
1	-2226817	2250400	439.24
1	-2226367	2250220	437.08
1	-2226037	2250460	424.66
1	-2225497	2250520	408.36
1	-2224897	2250310	398.25
1	-2224777	2249830	395.04
1	-2224387	2249410	389.82
1	-2224297	2249110	383.7734
1	-2224147	2248930	379.25
1	-2223967	2248330	378.09
1	-2223817	2248150	375.39
1	-2223727	2247340	359.04
1	-2232997	2250820	615.77
1	-2232667	2250550	605.2
1	-2223967	2246950	358.91
1	-2223607	2246620	356.01
1	-2223187	2246560	351.73
1	-2222977	2246710	351.047
1	-2222647	2246260	349.57
1	-2222287	2246110	341.22
1	-2222557	2245780	339.74
1	-2222557	2245480	336.06
1	-2222017	2244910	335.8059
1	-2222047	2244460	335.66
1	-2222437	2244340	329.74
1	-2222407	2243980	326.9515
1	-2222857	2244130	323.29
1	-2235097	2251390	730
1	-2234647	2251240	697.06
1	-2233777	2251150	657.06
1	-2233567	2250970	646.71
1	-2233147	2252410	693.92
1	-2232817	2251810	660.25
1	-2229877	2252680	696.34
1	-2229667	2252410	679.2
1	-2229667	2251450	616.36
1	-2229877	2251180	594.11
1	-2238097	2247160	794.14
1	-2222827	2243710	315.94
1	-2222977	2243380	312.3886
1	-2222797	2242870	307.09
1	-2222347	2243020	297.12
1	-2222115	2242717	297.04
1	-2224027	2245420	365.07
1	-2223277	2245330	355.39
1	-2223187	2245240	353.64
1	-2222857	2244700	338.69
