646	7
ID	Node1	Node2	Node3	Nabr1	Nabr2	Nabr3
1	74	13	12	8	0	110
2	128	126	127	126	178	181
3	66	139	141	18	202	205
4	44	65	81	72	151	90
5	64	83	18	6	116	22
6	83	64	16	5	0	193
7	83	135	94	196	191	116
8	14	13	74	0	1	10
9	117	107	12	162	110	141
10	14	74	15	8	112	0
11	72	21	114	36	155	579
12	159	148	152	235	217	239
13	194	36	193	302	279	281
14	360	353	320	623	613	609
15	150	151	87	223	220	221
16	98	70	88	60	59	58
17	165	1	166	137	247	250
18	139	66	6	3	0	211
19	7	66	85	0	205	71
20	71	358	4	547	617	74
21	145	147	8	210	215	212
22	18	17	64	0	0	5
23	95	84	57	115	63	152
24	340	72	338	468	113	577
25	68	69	70	55	59	53
26	174	11	175	219	556	31
27	144	148	139	201	204	211
28	3	104	101	133	122	51
29	71	101	103	51	131	222
30	301	28	299	0	179	524
31	174	175	231	26	267	375
32	19	133	20	157	158	0
33	107	118	74	142	541	110
34	88	69	82	59	68	176
35	93	81	112	148	151	99
36	21	72	22	11	39	0
37	48	46	76	107	0	109
38	335	24	331	574	499	567
39	23	22	72	0	36	468
40	45	44	111	0	90	149
41	341	330	24	583	499	565
42	233	149	232	214	161	377
43	317	118	318	541	543	117
44	293	90	26	460	0	496
45	86	33	70	0	88	60
46	85	143	145	57	209	212
47	293	294	292	496	570	497
48	250	322	172	412	554	442
49	41	40	73	0	93	169
50	69	31	79	55	64	68
51	3	101	71	28	29	74
52	32	31	68	0	55	106
53	70	67	68	88	106	25
54	29	124	30	177	173	0
55	31	69	68	50	25	52
56	43	319	78	323	399	92
57	143	85	141	46	205	102
58	98	88	131	16	187	125
59	70	69	88	25	34	16
60	70	98	86	16	101	45
61	84	59	58	70	0	63
62	49	111	110	147	150	144
63	57	84	58	23	61	0
64	79	31	30	50	0	173
65	279	114	115	461	155	469
66	57	56	93	0	124	99
67	5	4	87	0	617	220
68	79	82	69	114	34	50
69	155	62	171	89	227	259
70	84	96	59	549	119	61
71	85	8	7	212	0	19
72	44	43	65	0	92	4
73	93	108	110	124	81	148
74	4	3	71	0	51	20
75	55	54	52	0	78	145
76	108	109	75	143	85	81
77	161	142	159	160	206	236
78	53	52	54	0	75	0
79	321	78	157	550	321	199
80	109	119	52	166	145	146
81	75	110	108	144	73	76
82	75	51	50	85	0	83
83	50	49	75	0	144	82
84	177	211	213	241	336	349
85	51	75	109	82	76	146
86	334	331	332	572	175	506
87	61	60	138	0	123	257
88	67	70	33	53	45	0
89	63	62	155	0	69	249
90	111	44	81	40	4	150
91	105	91	104	184	122	136
92	43	78	65	56	121	72
93	73	40	39	49	0	111
94	123	73	38	169	111	551
95	157	173	138	262	257	200
96	196	198	194	306	302	100
97	42	244	122	403	546	0
98	154	100	113	167	128	165
99	93	112	57	35	152	66
100	194	188	196	300	305	96
101	34	86	98	0	60	104
102	143	141	97	57	202	203
103	279	290	275	491	194	437
104	98	100	34	125	167	101
105	162	209	164	335	245	243
106	68	67	32	53	0	52
107	46	48	47	37	0	0
108	76	45	77	0	149	109
109	77	48	76	0	37	108
110	74	12	107	1	9	33
111	73	39	38	93	0	94
112	15	74	317	10	541	624
113	72	339	338	579	156	24
114	82	79	124	68	173	134
115	321	84	95	549	23	550
116	18	83	94	5	7	0
117	318	361	317	625	624	43
118	221	240	248	355	312	356
119	60	59	96	0	70	123
120	112	65	95	151	121	152
121	65	78	95	92	550	120
122	104	91	101	91	131	28
123	60	96	138	119	200	87
124	108	93	56	73	66	143
125	100	98	131	104	58	180
126	128	82	126	182	134	2
127	180	178	167	252	132	273
128	99	113	100	284	98	180
129	190	183	181	226	258	293
130	2	1	315	0	539	135
131	103	101	91	29	122	277
132	165	167	178	248	127	272
133	3	102	104	0	540	28
134	82	124	126	114	177	126
135	315	102	2	540	0	130
136	104	315	105	540	539	91
137	165	105	1	272	539	17
138	187	201	203	153	316	320
139	20	134	316	158	189	0
140	326	92	107	374	142	162
141	117	12	11	9	0	219
142	118	107	92	33	140	419
143	109	108	56	76	124	166
144	75	49	110	83	62	81
145	52	119	55	80	0	75
146	109	52	51	80	0	85
147	111	49	77	62	0	149
148	93	110	81	73	150	35
149	45	111	77	40	147	108
150	81	110	111	148	62	90
151	65	112	81	120	35	4
152	57	112	95	99	120	23
153	99	201	187	251	138	284
154	154	186	34	289	288	167
155	115	114	21	65	11	542
156	338	339	116	113	454	580
157	19	94	133	0	191	32
158	134	20	133	139	32	192
159	253	176	230	558	269	340
160	161	163	142	240	244	77
161	149	219	232	352	378	42
162	107	117	326	9	555	140
163	92	253	262	374	462	419
164	134	136	115	195	469	189
165	181	154	113	258	98	278
166	109	56	119	143	0	80
167	154	34	100	154	104	98
168	78	207	205	399	328	321
169	123	41	73	406	49	94
170	244	246	208	403	329	327
171	156	323	322	552	554	231
172	206	173	204	232	262	322
173	30	124	79	54	114	64
174	126	29	125	177	523	178
175	332	331	274	86	564	566
176	130	88	82	187	34	182
177	29	126	124	174	134	54
178	126	125	127	174	275	2
179	299	28	295	30	501	503
180	99	100	131	128	125	251
181	128	127	129	2	317	185
182	82	128	130	126	185	176
183	255	235	368	643	384	638
184	105	178	91	272	252	91
185	128	129	130	181	188	182
186	129	201	131	315	251	188
187	88	130	131	176	188	58
188	129	131	130	186	187	185
189	134	115	316	164	542	139
190	16	132	137	0	545	193
191	135	133	94	192	157	7
192	134	133	135	158	191	195
193	83	16	137	6	190	196
194	290	262	275	470	490	103
195	134	135	136	192	198	164
196	137	135	83	198	7	193
197	361	132	15	545	0	624
198	136	135	137	195	196	544
199	157	96	321	200	549	79
200	138	96	157	123	199	95
201	144	140	148	0	216	27
202	141	139	97	3	204	102
203	97	142	143	206	208	102
204	148	97	139	235	202	27
205	66	141	85	3	57	19
206	142	97	159	203	235	77
207	223	210	216	334	346	345
208	142	89	143	244	209	203
209	145	143	89	46	208	210
210	147	145	89	21	209	213
211	139	6	144	18	0	27
212	8	85	145	71	46	21
213	147	89	149	210	246	214
214	147	149	233	213	42	380
215	8	147	146	21	380	0
216	140	150	148	223	217	201
217	150	152	148	221	12	216
218	161	160	214	614	342	240
219	117	11	174	141	26	555
220	87	151	5	15	0	67
221	152	150	87	217	15	616
222	103	359	71	620	547	29
223	150	140	151	216	0	15
224	306	300	309	517	527	383
225	329	155	121	253	357	562
226	190	120	183	295	282	129
227	171	62	61	69	0	263
228	191	192	170	299	0	294
229	168	166	63	254	247	249
230	157	205	204	321	324	262
231	38	156	322	0	171	551
232	173	206	222	172	326	358
233	164	89	163	246	244	243
234	176	326	174	558	555	265
235	148	159	97	12	206	204
236	356	161	159	614	77	239
237	357	320	355	618	613	343
238	213	225	251	364	363	430
239	356	159	152	236	12	615
240	161	214	163	218	341	160
241	211	177	209	84	332	331
242	218	158	219	371	351	314
243	164	163	162	233	341	105
244	89	142	163	208	160	233
245	209	200	164	332	268	105
246	149	89	164	213	233	268
247	166	1	63	17	0	229
248	167	165	153	132	250	421
249	168	63	155	229	89	253
250	153	165	166	248	17	471
251	99	131	201	180	186	153
252	178	180	91	127	277	184
253	329	168	155	473	249	225
254	166	168	281	229	494	471
255	169	190	193	295	298	279
256	188	184	185	285	290	307
257	173	61	138	263	87	95
258	154	181	183	165	129	289
259	155	171	222	69	358	357
260	288	268	270	451	453	487
261	239	121	206	562	326	325
262	173	157	204	95	230	172
263	171	61	173	227	257	358
264	324	10	175	0	557	556
265	174	158	176	375	350	234
266	325	9	175	0	376	557
267	232	231	175	378	31	376
268	164	200	149	245	352	246
269	229	230	176	370	159	350
270	212	210	211	346	336	331
271	177	228	218	349	372	313
272	165	178	105	132	184	137
273	167	179	180	423	276	127
274	236	203	234	291	318	382
275	125	306	127	511	522	178
276	370	180	179	642	273	520
277	103	91	180	131	252	642
278	182	181	113	293	165	280
279	193	36	169	13	0	255
280	113	184	182	286	285	278
281	194	193	182	13	298	300
282	191	183	120	296	226	283
283	120	189	191	0	299	282
284	187	113	99	286	128	153
285	188	182	184	300	280	256
286	187	184	113	290	280	284
287	237	256	282	425	476	475
288	34	186	170	154	294	0
289	154	183	186	258	296	154
290	185	184	187	256	286	320
291	236	185	203	390	320	274
292	256	153	280	421	424	476
293	182	190	181	298	129	278
294	186	191	170	296	228	288
295	120	190	169	226	255	0
296	183	191	186	282	294	289
297	192	189	35	299	0	0
298	190	182	193	293	281	255
299	189	192	191	297	228	283
300	194	182	188	281	285	100
301	197	195	196	478	306	305
302	36	194	198	13	96	310
303	239	241	329	392	563	562
304	195	286	198	484	483	306
305	197	196	188	301	100	389
306	196	195	198	301	304	96
307	188	185	238	256	390	389
308	241	284	291	479	477	563
309	257	285	266	444	480	441
310	327	36	198	0	302	560
311	243	207	244	397	401	327
312	242	248	240	411	118	393
313	218	200	177	314	332	271
314	219	200	218	352	313	242
315	202	201	129	316	186	532
316	201	202	203	315	318	138
317	350	129	127	532	181	602
318	234	203	202	274	316	640
319	369	371	234	639	644	640
320	185	187	203	290	138	291
321	205	157	78	230	79	168
322	206	204	199	172	324	391
323	122	319	43	546	56	0
324	199	204	205	322	230	328
325	240	239	206	355	261	391
326	206	121	222	261	357	232
327	244	208	243	170	400	311
328	199	205	207	324	168	397
329	208	246	247	170	402	398
330	243	242	199	400	393	397
331	212	211	209	270	241	335
332	177	200	209	313	245	241
333	212	214	216	337	338	346
334	210	223	225	207	339	364
335	212	209	162	331	105	337
336	213	211	210	84	270	364
337	162	214	212	341	333	335
338	214	215	216	342	359	333
339	223	226	225	360	366	334
340	253	230	260	159	418	433
341	163	214	162	240	337	243
342	214	160	215	218	611	338
343	355	356	357	612	615	237
344	304	299	302	513	508	514
345	348	223	216	598	207	359
346	210	212	216	270	333	207
347	369	351	367	381	636	635
348	292	297	295	504	503	497
349	228	177	213	271	84	428
350	176	158	229	265	371	269
351	219	158	231	242	375	378
352	149	200	219	268	314	161
353	254	255	167	420	423	388
354	197	238	237	389	386	475
355	221	239	240	392	325	118
356	248	264	221	409	395	118
357	155	222	121	259	326	225
358	173	222	171	232	259	263
359	348	216	215	345	338	599
360	223	217	226	598	365	339
361	226	227	224	515	466	366
362	272	271	252	435	432	452
363	251	225	224	238	366	465
364	213	210	225	336	334	238
365	226	217	346	360	594	515
366	225	226	224	339	361	363
367	305	310	303	530	529	595
368	27	90	295	0	460	501
369	259	252	258	417	429	416
370	228	230	229	373	269	372
371	158	218	229	242	372	350
372	228	229	218	370	371	271
373	230	228	258	370	416	418
374	253	92	326	163	140	558
375	174	231	158	31	351	265
376	232	175	9	267	266	377
377	232	9	233	376	379	42
378	219	231	232	351	267	161
379	9	146	233	0	380	377
380	147	233	146	214	379	215
381	351	369	202	347	640	526
382	234	220	236	644	385	274
383	306	309	311	224	528	522
384	235	366	368	559	632	183
385	237	236	220	386	382	387
386	238	236	237	390	385	354
387	220	254	237	420	425	385
388	254	167	256	353	421	425
389	188	238	197	307	354	305
390	185	236	238	291	386	307
391	240	206	199	325	322	393
392	239	221	241	355	427	303
393	199	242	240	330	312	391
394	248	249	250	411	407	440
395	221	264	266	356	441	427
396	283	197	282	478	475	472
397	243	199	207	330	328	311
398	208	247	249	329	407	408
399	319	207	78	401	168	56
400	208	242	243	408	330	327
401	319	244	207	546	311	399
402	41	247	246	406	329	405
403	42	246	244	404	170	97
404	42	245	246	0	405	403
405	41	246	245	402	404	0
406	41	123	247	169	410	402
407	249	247	250	398	410	394
408	208	249	242	398	411	400
409	265	264	248	443	356	440
410	250	247	123	407	406	412
411	242	249	248	408	394	312
412	322	250	123	48	410	551
413	267	265	172	426	442	447
414	272	278	116	456	580	435
415	271	116	273	435	454	458
416	228	259	258	428	369	373
417	252	259	261	369	431	452
418	230	258	260	373	429	340
419	92	262	118	163	470	142
420	255	254	220	353	387	422
421	256	167	153	388	248	292
422	255	220	371	420	644	643
423	167	255	179	353	638	273
424	280	153	281	292	471	474
425	237	254	256	387	388	287
426	267	257	265	450	443	413
427	266	241	221	479	392	395
428	259	228	213	416	349	430
429	258	252	260	369	432	418
430	213	251	259	238	431	428
431	261	259	251	417	430	463
432	271	260	252	458	429	362
433	253	260	289	340	489	462
434	276	277	274	459	566	464
435	271	272	116	362	414	415
436	289	273	275	489	457	490
437	279	275	106	103	457	461
438	284	283	263	445	472	477
439	280	263	282	474	472	476
440	265	248	250	409	394	442
441	264	257	266	443	309	395
442	172	265	250	413	440	48
443	257	264	265	441	409	426
444	285	257	269	309	450	481
445	283	284	287	438	486	485
446	268	172	323	447	554	553
447	267	172	268	413	446	451
448	267	288	269	451	449	450
449	362	269	288	626	448	627
450	257	267	269	426	448	444
451	288	267	268	448	447	260
452	272	252	261	362	417	455
453	268	80	270	553	0	260
454	116	339	273	156	582	415
455	276	272	261	456	452	459
456	276	278	272	464	414	455
457	275	273	106	436	582	437
458	260	271	273	432	415	489
459	261	277	276	463	434	455
460	293	295	90	497	368	44
461	106	114	279	581	65	437
462	289	262	253	490	163	433
463	277	261	251	459	431	507
464	276	274	278	434	467	456
465	224	344	251	590	507	363
466	342	224	227	590	361	586
467	274	330	278	564	583	464
468	23	72	340	39	24	584
469	115	136	279	164	491	65
470	290	118	262	492	419	194
471	153	166	281	250	254	424
472	263	283	282	438	396	439
473	168	329	291	253	563	494
474	263	280	281	439	424	493
475	237	282	197	287	396	354
476	256	280	282	292	439	287
477	291	284	263	308	438	493
478	195	197	283	301	396	485
479	241	266	284	427	486	308
480	266	285	287	309	482	486
481	269	286	285	483	482	444
482	286	287	285	484	480	481
483	198	286	269	304	481	626
484	287	286	195	482	304	485
485	283	287	195	445	484	478
486	287	284	266	445	479	480
487	270	37	288	0	627	260
488	37	327	362	0	560	627
489	273	289	260	436	433	458
490	262	289	275	462	436	194
491	279	136	290	469	492	103
492	136	118	290	543	470	491
493	263	281	291	474	494	477
494	168	291	281	473	493	254
495	342	343	298	586	589	591
496	294	293	26	47	44	575
497	295	293	292	460	47	348
498	336	363	25	629	0	576
499	24	330	331	41	564	38
500	298	296	297	589	505	504
501	295	28	27	179	0	368
502	303	302	296	516	508	512
503	297	299	295	505	179	348
504	298	297	292	500	348	569
505	297	296	299	500	508	503
506	334	332	298	86	587	569
507	251	344	277	465	568	463
508	302	299	296	344	505	502
509	307	29	301	523	0	524
510	346	303	227	595	588	515
511	304	306	125	517	275	518
512	296	343	303	589	588	502
513	299	304	307	344	518	524
514	304	302	300	344	516	517
515	227	226	346	361	365	510
516	300	302	303	514	502	529
517	304	300	306	514	224	511
518	304	125	307	511	523	513
519	347	348	313	596	610	597
520	370	179	368	276	638	637
521	310	308	309	525	528	527
522	127	306	311	275	383	602
523	29	307	125	509	518	174
524	299	307	301	513	509	30
525	310	312	308	530	628	521
526	202	350	351	532	603	381
527	310	309	300	521	224	529
528	309	308	311	521	531	383
529	303	310	300	367	527	516
530	310	305	312	367	534	525
531	311	308	349	528	600	604
532	350	202	129	526	315	317
533	346	347	305	594	597	595
534	312	305	313	530	597	538
535	352	353	314	606	623	607
536	355	353	354	613	608	548
537	352	364	312	607	628	538
538	313	352	312	606	537	534
539	105	315	1	136	130	137
540	102	315	104	135	136	133
541	74	118	317	33	43	112
542	115	21	316	155	0	189
543	118	136	318	492	544	43
544	136	137	318	198	625	543
545	137	132	361	190	197	625
546	244	319	122	401	323	97
547	71	359	358	222	621	20
548	354	215	355	599	611	536
549	84	321	96	115	199	70
550	78	321	95	79	115	121
551	38	322	123	231	412	94
552	323	156	80	171	0	553
553	268	323	80	446	552	453
554	172	322	323	48	171	446
555	174	326	117	234	162	219
556	175	11	324	26	0	264
557	175	10	325	264	0	266
558	253	326	176	374	234	159
559	235	367	366	635	605	384
560	362	327	198	488	310	626
561	328	365	360	634	631	645
562	239	329	121	303	225	261
563	291	329	241	473	303	308
564	331	330	274	499	467	175
565	341	24	337	41	0	585
566	274	277	332	434	592	175
567	331	294	335	572	573	38
568	277	344	345	507	593	592
569	298	292	334	504	570	506
570	292	294	334	47	572	569
571	336	333	335	576	574	573
572	331	334	294	86	570	567
573	336	335	294	571	567	575
574	24	335	333	38	571	0
575	26	336	294	629	573	496
576	25	333	336	0	571	498
577	341	340	338	585	24	578
578	341	338	278	577	580	583
579	339	72	114	113	11	581
580	278	338	116	578	156	414
581	114	106	339	461	582	579
582	273	339	106	454	581	457
583	330	341	278	41	578	467
584	337	23	340	0	468	585
585	337	340	341	584	577	565
586	343	342	227	495	466	588
587	298	332	345	506	592	591
588	303	343	227	512	586	510
589	298	343	296	495	512	500
590	224	342	344	466	593	465
591	342	298	345	495	587	593
592	277	345	332	568	587	566
593	342	345	344	591	568	590
594	347	346	217	533	365	596
595	303	346	305	510	533	367
596	348	347	217	519	594	598
597	305	347	313	533	519	534
598	223	348	217	345	596	360
599	348	215	354	359	548	610
600	308	364	349	628	601	531
601	349	364	365	600	630	633
602	127	311	350	522	603	317
603	350	311	351	602	604	526
604	311	349	351	531	636	603
605	367	349	366	636	633	559
606	353	352	313	535	538	608
607	352	314	364	535	630	537
608	354	353	313	536	606	610
609	359	360	320	620	14	621
610	348	354	313	599	608	519
611	215	160	355	342	612	548
612	356	355	160	343	611	614
613	353	355	320	536	237	14
614	161	356	160	236	612	218
615	356	152	357	239	616	343
616	152	87	357	221	619	615
617	87	4	358	67	20	619
618	320	357	358	237	619	621
619	87	358	357	617	618	616
620	359	103	360	222	646	609
621	320	358	359	618	547	609
622	372	103	370	646	642	641
623	353	360	314	14	631	535
624	317	361	15	117	197	112
625	137	361	318	545	117	544
626	269	362	198	449	560	483
627	37	362	288	488	449	487
628	364	308	312	600	525	537
629	336	26	363	575	0	498
630	365	364	314	601	607	631
631	360	365	314	561	630	623
632	328	368	366	637	384	634
633	349	365	366	601	634	605
634	328	366	365	632	633	561
635	367	235	369	559	639	347
636	351	349	367	604	605	347
637	370	368	328	520	632	641
638	255	368	179	183	520	423
639	371	369	235	319	635	643
640	234	202	369	318	381	319
641	372	370	328	622	637	645
642	180	370	103	276	622	277
643	255	371	235	422	639	183
644	234	371	220	319	422	382
645	328	360	372	561	646	641
646	360	103	372	620	622	645
372	5
ID	X	Y	AqDepth	Elevation
1	-2230479	2247497	10	963.21
2	-2231032	2246515	10	936.51
3	-2232686	2246843	10	854.66
4	-2233097	2246599	10	782.69
5	-2233162	2245988	10	786.85
6	-2235117	2244031	10	1043.96
7	-2237030	2243811	10	1181.7
8	-2237325	2244086	10	1184.98
9	-2239461	2244317	10	1159.13
10	-2240772	2243676	10	1238.95
11	-2241514	2244825	10	1200.71
12	-2242653	2245177	10	1204.5
13	-2243306	2244766	10	1197.02
14	-2243886	2244938	10	1135.8
15	-2244487	2245647	10	1003.36
16	-2246401	2246455	10	1193.38
17	-2247596	2247825	NA	NA
18	-2246874	2247727	10	1381.26
19	-2246076	2249256	10	1353.65
20	-2245294	2249213	10	1359.12
21	-2243838	2249832	10	1317.7
22	-2243913	2250315	10	1293.53
23	-2243124	2251342	10	1231.22
24	-2241519	2251910	10	1360
25	-2240961	2254314	10	1631.22
26	-2239374	2253917	10	1366.33
27	-2237660	2254286	10	1372.48
28	-2237303	2253610	10	1322.19
29	-2235714	2254101	10	1380.81
30	-2235474	2254901	10	1442.02
31	-2234710	2255311	10	1391.11
32	-2234663	2255676	10	1445.5
33	-2233419	2255813	10	1361.59
34	-2232220	2254960	10	1271.99
35	-2230518	2256989	NA	NA
36	-2228784	2253388	10	1065.59
37	-2227014	2253530	10	818.36
38	-2223978	2251554	10	801.61
39	-2223358	2251433	10	761.44
40	-2223183	2251002	10	743.24
41	-2223747	2250192	10	684.11
42	-2223267	2248795	10	505.29
43	-2223652	2247099	10	387.6
44	-2223398	2246896	10	421.79
45	-2222765	2247220	10	481.63
46	-2222163	2248494	10	484.73
47	-2221766	2248523	10	522.03
48	-2221709	2248239	10	518.35
49	-2221756	2245734	10	523.07
50	-2221324	2245313	10	484.72
51	-2221670	2244198	10	467.95
52	-2222409	2243553	10	506.33
53	-2222071	2242743	10	306.1
54	-2222965	2242751	10	403.56
55	-2223395	2243179	10	464.6
56	-2223368	2244588	10	501.84
57	-2223997	2244967	10	519.72
58	-2224206	2244360	10	484.38
59	-2225572	2244483	10	502.71
60	-2226458	2244906	10	563.25
61	-2227315	2246101	10	577.89
62	-2228741	2246823	10	740.44
63	-2229327	2247654	10	864.23
64	-2246923	2247053	10	1223.31
65	-2223849	2246591	10	364.39
66	-2236074	2243921	10	1041.47
67	-2234154	2255732	10	1356.9
68	-2234381	2255454	10	1339.53
69	-2234316	2254855	10	1236.85
70	-2233822	2255230	10	1131.17
71	-2233283	2247379	10	669.22
72	-2243101	2250193	10	1038.57
73	-2223761	2251019	10	732.95
74	-2243374	2245599	10	950.1
75	-2222104	2244944	10	347.54
76	-2222464	2247857	10	433.33
77	-2221732	2246986	10	513.59
78	-2224565	2247162	10	450.73
79	-2234900	2254748	10	1241.39
80	-2225496	2252542	10	753.48
81	-2223133	2246020	10	393.75
82	-2234437	2253865	10	978.89
83	-2246007	2247326	10	1111.2
84	-2224844	2244919	10	443.13
85	-2236736	2244421	10	987.91
86	-2232819	2255387	10	1231.05
87	-2234108	2246398	10	720.6
88	-2233468	2254250	10	944.6
89	-2237567	2245198	10	859.33
90	-2238517	2254102	10	1281.5
91	-2232125	2248068	10	941.74
92	-2242337	2246544	10	848.54
93	-2223356	2245321	10	356.78
94	-2246475	2248492	10	1344.42
95	-2224471	2245829	10	440.28
96	-2225655	2245448	10	495.55
97	-2235722	2245075	10	842.56
98	-2232880	2254668	10	1069.13
99	-2232505	2253515	10	951.06
100	-2232288	2254223	10	1110.63
101	-2232597	2247543	10	801.55
102	-2231859	2246679	10	826.37
103	-2233203	2248562	10	782.85
104	-2231899	2247391	10	853.43
105	-2231230	2247991	10	1003.32
106	-2242891	2248830	10	954.52
107	-2242708	2245910	10	962.19
108	-2222786	2244944	10	405.09
109	-2222738	2244211	10	322.67
110	-2222445	2245566	10	366.17
111	-2222275	2246370	10	395.76
112	-2223791	2245844	10	400.33
113	-2231262	2253521	10	1028.56
114	-2243208	2249479	10	1067.57
115	-2244090	2248645	10	1074.3
116	-2242009	2249663	10	913.89
117	-2241898	2245602	10	1023.18
118	-2243540	2246822	10	1053.87
119	-2223382	2243884	10	423.39
120	-2229651	2255189	10	1050.53
121	-2227702	2248179	10	703.84
122	-2223459	2247947	10	504.91
123	-2224728	2250938	10	584.53
124	-2235053	2254105	10	1166.8
125	-2235377	2253042	10	1141.33
126	-2234938	2253489	10	1214.8
127	-2234442	2252561	10	1115.47
128	-2234338	2253212	10	1041.71
129	-2233345	2252721	10	846.31
130	-2233782	2253630	10	876.77
131	-2233133	2253691	10	842.96
132	-2245444	2246051	10	1124.77
133	-2245721	2248585	10	1096.66
134	-2244901	2248487	10	1194.34
135	-2245393	2247849	10	1055.15
136	-2244304	2247586	10	1059.92
137	-2245151	2246942	10	1026.68
138	-2226476	2245797	10	546.29
139	-2235647	2244421	10	950.67
140	-2234139	2245010	10	792.64
141	-2236191	2244690	10	951.14
142	-2236574	2245635	10	848.86
143	-2236700	2245034	10	954.75
144	-2234628	2244520	10	853.36
145	-2237202	2244756	10	960.66
146	-2238393	2244202	10	1017.79
147	-2237850	2244593	10	920.24
148	-2234920	2245300	10	738.26
149	-2238680	2245350	10	959.07
150	-2234323	2245708	10	761.01
151	-2233651	2245499	10	713.74
152	-2235210	2246364	10	760.01
153	-2230085	2248916	10	788.69
154	-2231341	2254507	10	1079.93
155	-2228433	2247663	10	650.08
156	-2224737	2252048	10	709.45
157	-2225634	2246638	10	459.27
158	-2240459	2245829	10	843.69
159	-2235817	2245859	10	705.59
160	-2236323	2247085	10	796.5
161	-2236372	2246347	10	849.64
162	-2237531	2246796	10	948.14
163	-2237107	2246171	10	849.51
164	-2238020	2246008	10	771.39
165	-2230509	2248270	10	913.35
166	-2229770	2248246	10	953.36
167	-2231305	2249255	10	977.41
168	-2228888	2248443	10	928.75
169	-2229218	2254288	10	1018.06
170	-2231369	2255974	10	1317.45
171	-2227782	2246947	10	559.79
172	-2225643	2251486	10	573.41
173	-2226601	2246765	10	581.08
174	-2241143	2245491	10	985.82
175	-2240474	2244683	10	964.89
176	-2241251	2246572	10	911.78
177	-2239039	2247186	10	840.35
178	-2231628	2248602	10	914.76
179	-2232437	2249408	10	620.26
180	-2232304	2248733	10	705.39
181	-2230858	2254050	10	828
182	-2230467	2253333	10	793.77
183	-2230587	2254820	10	926.93
184	-2231000	2252852	10	990.4
185	-2231166	2252153	10	823.21
186	-2231205	2255243	10	1089.95
187	-2231880	2252894	10	902.88
188	-2229962	2252238	10	816.07
189	-2230074	2256066	10	1056.53
190	-2230042	2254195	10	836.36
191	-2230701	2255740	10	1098.93
192	-2230943	2256482	10	1346.8
193	-2229554	2253572	10	1063.58
194	-2229337	2252776	10	923.79
195	-2228786	2251505	10	904.59
196	-2229260	2252054	10	882.6
197	-2229905	2251020	10	579.12
198	-2228250	2252446	10	775.43
199	-2225914	2248252	10	548.72
200	-2238924	2246255	10	782.6
201	-2232610	2252785	10	867.05
202	-2232875	2251574	10	657.22
203	-2232125	2252044	10	959.39
204	-2226026	2247401	10	553.18
205	-2225293	2247295	10	479.12
206	-2226796	2247935	10	595.98
207	-2224805	2247905	10	604.43
208	-2224702	2249214	10	587.1
209	-2238334	2246800	10	845.13
210	-2238068	2248123	10	918.89
211	-2238407	2247503	10	865.22
212	-2237680	2247508	10	861.21
213	-2239232	2248357	10	974.38
214	-2237007	2247277	10	836.3
215	-2236357	2248279	10	1080.46
216	-2237115	2248059	10	973.11
217	-2237089	2249384	10	1242.99
218	-2239850	2246613	10	812.15
219	-2239568	2245596	10	921.11
220	-2231786	2250667	10	591.36
221	-2226861	2249498	10	878.54
222	-2227388	2247540	10	570.29
223	-2237548	2248730	10	960.38
224	-2238367	2249794	10	1042.48
225	-2238392	2248927	10	1063.67
226	-2237792	2249389	10	973.53
227	-2237431	2250514	10	1323.43
228	-2239963	2247635	10	817.59
229	-2240549	2246527	10	854.41
230	-2240846	2247393	10	856.14
231	-2240134	2245252	10	931.35
232	-2239564	2244952	10	1031.9
233	-2238932	2244729	10	1059.06
234	-2232181	2251300	10	842.5
235	-2232924	2250437	10	765.13
236	-2231371	2251367	10	706.61
237	-2230790	2250550	10	568.79
238	-2230548	2251572	10	929.79
239	-2227074	2248707	10	781.07
240	-2226318	2248928	10	668.48
241	-2228102	2249408	10	624.53
242	-2225491	2248964	10	684.63
243	-2224933	2248574	10	577.49
244	-2224280	2248700	10	564.43
245	-2223507	2249493	10	579.46
246	-2224089	2249287	10	486.19
247	-2224479	2249951	10	519.5
248	-2225943	2249827	10	689.51
249	-2225201	2249768	10	617.41
250	-2225510	2250573	10	447.6
251	-2239319	2249388	10	981.33
252	-2240774	2248863	10	873.68
253	-2241815	2247360	10	857.51
254	-2231356	2250025	10	816
255	-2232067	2250015	10	708.63
256	-2230526	2249694	10	987.88
257	-2226830	2250846	10	556.35
258	-2240569	2248116	10	839.97
259	-2239980	2248679	10	882.08
260	-2241509	2248261	10	905.69
261	-2240197	2249544	10	1012.22
262	-2242773	2247398	10	886.55
263	-2229274	2249889	10	522.72
264	-2226582	2250166	10	515.37
265	-2226172	2250701	10	604.1
266	-2227548	2250200	10	652.03
267	-2226362	2251400	10	631.13
268	-2226080	2252085	10	677.4
269	-2227382	2251787	10	603.9
270	-2226255	2253036	10	780.35
271	-2241535	2249042	10	881.26
272	-2240994	2249634	10	960.25
273	-2242165	2248631	10	907.71
274	-2240451	2250867	10	1101.66
275	-2242693	2248125	10	985.19
276	-2240530	2250166	10	941
277	-2239618	2250254	10	1147.98
278	-2241513	2250632	10	1088.53
279	-2243423	2248301	10	1001.15
280	-2229863	2249555	10	829.28
281	-2229352	2249020	10	723.66
282	-2229889	2250287	10	529.12
283	-2229205	2250669	10	849.92
284	-2228458	2250210	10	483.17
285	-2227627	2251010	10	713.53
286	-2228070	2251578	10	838.05
287	-2228365	2250922	10	728.49
288	-2226845	2252436	10	732.53
289	-2242074	2247950	10	862.09
290	-2243497	2247563	10	938.73
291	-2228787	2249407	10	723.17
292	-2238650	2252635	10	1261.13
293	-2238812	2253389	10	1266.69
294	-2239940	2252752	10	1162.76
295	-2238009	2253167	10	1242.55
296	-2237490	2251891	10	1144.22
297	-2237952	2252447	10	1135.34
298	-2238598	2251441	10	1221.43
299	-2237064	2252714	10	1049.83
300	-2235978	2251631	10	824.28
301	-2236509	2253856	10	1409.51
302	-2236693	2252001	10	863.4
303	-2236992	2251222	10	1183.33
304	-2235996	2252472	10	1082.56
305	-2236231	2250261	10	995.43
306	-2235193	2252068	10	959.08
307	-2236110	2253217	10	1276.65
308	-2234965	2250736	10	974.97
309	-2235314	2251362	10	795.63
310	-2235886	2250905	10	1150.03
311	-2234281	2251527	10	760.12
312	-2235522	2250296	10	1047.22
313	-2235825	2249240	10	1021.28
314	-2234538	2249622	10	987.35
315	-2231174	2247241	10	887.25
316	-2244566	2249522	10	1247.22
317	-2243908	2246149	10	1132.88
318	-2244316	2246809	10	1143.48
319	-2224126	2247714	10	425.9
320	-2234702	2247735	10	792.26
321	-2225191	2246035	10	506.52
322	-2225019	2251491	10	592.37
323	-2225315	2251990	10	655.42
324	-2241143	2244251	10	1146.14
325	-2240116	2243997	10	1186.44
326	-2241786	2246228	10	839.24
327	-2227899	2253459	10	821.18
328	-2233452	2249557	10	1039.61
329	-2228209	2248693	10	782.3
330	-2241098	2251273	10	1053.79
331	-2240293	2251836	10	1012.78
332	-2239551	2251218	10	1147.85
333	-2241240	2253112	10	1422.57
334	-2239234	2252011	10	1075.32
335	-2240704	2252520	10	1160.13
336	-2240505	2253239	10	1260.3
337	-2242322	2251626	10	1251.63
338	-2242455	2250135	10	978.15
339	-2242605	2249546	10	997.47
340	-2242723	2250775	10	1045.14
341	-2242084	2250994	10	1140.36
342	-2238278	2250646	10	1330.41
343	-2237759	2251190	10	1407.57
344	-2238898	2250280	10	1123.96
345	-2238979	2250920	10	1340.32
346	-2236901	2250058	10	1147.45
347	-2236428	2249563	10	1074.92
348	-2236606	2248909	10	1218.16
349	-2233950	2250550	10	853.76
350	-2233818	2252128	10	952.36
351	-2233575	2251462	10	805.35
352	-2235245	2249645	10	913.21
353	-2235004	2248681	10	949.03
354	-2235699	2248542	10	1061.88
355	-2235743	2247699	10	963.28
356	-2235599	2246982	10	810.05
357	-2234861	2247014	10	764.8
358	-2234077	2247218	10	683.89
359	-2233824	2248010	10	810.3
360	-2234040	2248878	10	867.55
361	-2244782	2246284	10	1113.92
362	-2227545	2252769	10	669.19
363	-2240168	2254115	10	1526.09
364	-2234526	2250265	10	1075.39
365	-2234005	2249934	10	1063.23
366	-2233469	2250197	10	950.88
367	-2233404	2250788	10	706.4
368	-2233008	2249889	10	861.82
369	-2232877	2251005	10	640.41
370	-2232962	2249365	10	821.16
371	-2232380	2250678	10	663.11
372	-2233368	2249049	10	895.47
